             0.21            1.00             1
             0.08            0.95             2
             0.00            0.95             4
             0.42            0.92             1
             0.33            0.92             1
             0.55            0.92             1
             0.63            0.92             1
             0.38            0.92             1
             0.42            0.92             1
             0.50            0.92             1
             0.54            0.92             1
             0.25            0.92             2
             0.21            0.92             3
             0.50            0.92             3
             0.25            0.92             8
             0.92            0.92             8
             0.19            0.90             1
             0.17            0.90             2
             0.46            0.90             2
             0.25            0.90             3
             0.54            0.88             1
             0.54            0.88             1
             0.42            0.88             1
             0.54            0.88             1
             0.33            0.88             1
             0.58            0.88             1
             0.50            0.88             1
             0.50            0.88             1
             0.63            0.88             1
             0.29            0.88             1
             0.42            0.88             1
             0.25            0.88             1
             0.29            0.88             1
             0.42            0.88             1
             0.50            0.88             2
             0.46            0.88             2
             0.50            0.88             2
             0.29            0.88             2
             0.13            0.88             3
             0.21            0.88             3
             0.21            0.88             3
             0.04            0.88             3
             0.00            0.88             4
             0.15            0.85             1
             0.21            0.85             1
             0.46            0.85             2
             0.10            0.85             2
             0.20            0.85             2
             0.15            0.85             2
             0.04            0.85             3
             0.10            0.85             3
             0.58            0.84             1
             0.50            0.84             1
             0.54            0.84             1
             0.45            0.84             1
             0.40            0.84             1
             0.50            0.84             1
             0.54            0.84             1
             0.46            0.84             1
             0.54            0.84             1
             0.55            0.84             1
             0.45            0.84             1
             0.55            0.84             1
             0.35            0.84             1
             0.63            0.84             1
             0.50            0.84             1
             0.54            0.84             1
             0.60            0.84             1
             0.33            0.84             1
             0.21            0.84             1
             0.17            0.84             1
             0.50            0.84             1
             0.42            0.84             1
             0.50            0.84             1
             0.21            0.84             2
             0.46            0.84             2
             0.33            0.84             2
             0.42            0.84             2
             0.17            0.84             2
             0.33            0.84             2
             0.25            0.84             2
             0.25            0.84             2
             0.25            0.84             3
             0.04            0.84             3
             0.05            0.84             3
             0.25            0.84             3
             0.00            0.84             4
             0.04            0.84             4
             0.50            0.80             1
             0.50            0.80             1
             0.21            0.80             1
             0.29            0.80             1
             0.50            0.80             1
             0.29            0.80             1
             0.50            0.80             1
             0.29            0.80             1
             0.21            0.80             1
             0.50            0.80             1
             0.63            0.80             1
             0.50            0.80             1
             0.25            0.80             1
             0.50            0.80             1
             0.38            0.80             1
             0.42            0.80             1
             0.46            0.80             1
             0.25            0.80             1
             0.25            0.80             1
             0.35            0.80             1
             0.13            0.80             1
             0.13            0.80             1
             0.19            0.80             1
             0.38            0.80             1
             0.38            0.80             1
             0.38            0.80             1
             0.42            0.80             1
             0.38            0.80             1
             0.50            0.80             1
             0.13            0.80             1
             0.54            0.80             1
             0.38            0.80             1
             0.50            0.80             1
             0.46            0.80             2
             0.13            0.80             2
             0.50            0.80             2
             0.29            0.80             2
             0.20            0.80             2
             0.10            0.80             2
             0.54            0.80             2
             0.17            0.80             2
             0.25            0.80             2
             0.33            0.80             2
             0.40            0.80             2
             0.38            0.80             2
             0.20            0.80             2
             0.46            0.80             2
             0.21            0.80             2
             0.40            0.80             2
             0.21            0.80             2
             0.25            0.80             2
             0.13            0.80             2
             0.25            0.80             2
             0.21            0.80             2
             0.20            0.80             2
             0.08            0.80             2
             0.15            0.80             2
             0.10            0.80             2
             0.38            0.80             2
             0.46            0.80             2
             0.08            0.80             3
             0.17            0.80             3
             0.08            0.80             3
             0.21            0.80             3
             0.05            0.80             3
             0.17            0.80             3
             0.21            0.80             3
             0.29            0.80             3
             0.21            0.80             3
             0.04            0.80             3
             0.54            0.80             3
             0.17            0.80             3
             0.05            0.80             3
             0.33            0.80             3
             0.10            0.80             3
             0.00            0.80             4
             0.33            0.80             4
             0.00            0.80             4
             0.04            0.80             4
             0.00            0.80             4
             0.54            0.76             1
             0.60            0.76             1
             0.29            0.76             1
             0.33            0.76             1
             0.55            0.76             1
             0.38            0.76             1
             0.50            0.76             1
             0.21            0.76             1
             0.45            0.76             1
             0.38            0.76             1
             0.54            0.76             1
             0.25            0.76             1
             0.38            0.76             1
             0.33            0.76             1
             0.54            0.76             1
             0.50            0.76             1
             0.29            0.76             1
             0.54            0.76             1
             0.50            0.76             1
             0.46            0.76             1
             0.42            0.76             1
             0.21            0.76             1
             0.42            0.76             1
             0.38            0.76             1
             0.38            0.76             1
             0.38            0.76             1
             0.17            0.76             1
             0.50            0.76             1
             0.46            0.76             1
             0.50            0.76             1
             0.25            0.76             1
             0.42            0.76             1
             0.25            0.76             1
             0.54            0.76             1
             0.40            0.76             1
             0.29            0.76             1
             0.42            0.76             2
             0.10            0.76             2
             0.13            0.76             2
             0.25            0.76             2
             0.17            0.76             2
             0.38            0.76             2
             0.29            0.76             2
             0.29            0.76             2
             0.17            0.76             2
             0.21            0.76             2
             0.33            0.76             2
             0.50            0.76             2
             0.33            0.76             2
             0.29            0.76             2
             0.25            0.76             2
             0.17            0.76             2
             0.17            0.76             2
             0.31            0.76             2
             0.25            0.76             2
             0.08            0.76             2
             0.29            0.76             2
             0.20            0.76             2
             0.29            0.76             2
             0.38            0.76             2
             0.17            0.76             2
             0.38            0.76             2
             0.45            0.76             2
             0.38            0.76             2
             0.38            0.76             2
             0.38            0.76             2
             0.25            0.76             3
             0.25            0.76             3
             0.05            0.76             3
             0.46            0.76             3
             0.17            0.76             3
             0.25            0.76             3
             0.13            0.76             3
             0.04            0.76             3
             0.38            0.76             3
             0.13            0.76             3
             0.10            0.76             4
             0.00            0.76             4
             0.25            0.75             1
             0.60            0.75             1
             0.21            0.75             1
             0.50            0.75             1
             0.50            0.75             1
             0.25            0.75             2
             0.08            0.75             2
             0.21            0.75             2
             0.08            0.75             2
             0.20            0.75             2
             0.42            0.75             2
             0.06            0.75             3
             0.13            0.75             3
             0.17            0.75             3
             0.00            0.75             4
             0.38            0.73             1
             0.67            0.73             1
             0.58            0.73             1
             0.20            0.73             2
             0.17            0.73             4
             0.29            0.72             1
             0.15            0.72             1
             0.38            0.72             1
             0.35            0.72             1
             0.40            0.72             1
             0.29            0.72             1
             0.54            0.72             1
             0.42            0.72             1
             0.35            0.72             1
             0.33            0.72             1
             0.38            0.72             1
             0.33            0.72             1
             0.33            0.72             1
             0.30            0.72             1
             0.63            0.72             1
             0.42            0.72             1
             0.21            0.72             1
             0.45            0.72             1
             0.35            0.72             1
             0.30            0.72             1
             0.21            0.72             1
             0.25            0.72             1
             0.67            0.72             1
             0.29            0.72             1
             0.38            0.72             1
             0.33            0.72             1
             0.33            0.72             1
             0.21            0.72             1
             0.38            0.72             1
             0.38            0.72             1
             0.54            0.72             1
             0.29            0.72             1
             0.29            0.72             1
             0.50            0.72             1
             0.15            0.72             1
             0.33            0.72             1
             0.45            0.72             1
             0.38            0.72             1
             0.33            0.72             1
             0.25            0.72             1
             0.17            0.72             1
             0.38            0.72             1
             0.38            0.72             1
             0.54            0.72             1
             0.45            0.72             1
             0.25            0.72             1
             0.21            0.72             1
             0.25            0.72             1
             0.33            0.72             1
             0.38            0.72             1
             0.33            0.72             1
             0.75            0.72             1
             0.45            0.72             1
             0.38            0.72             1
             0.33            0.72             1
             0.33            0.72             1
             0.17            0.72             1
             0.33            0.72             1
             0.54            0.72             1
             0.33            0.72             1
             0.30            0.72             2
             0.40            0.72             2
             0.25            0.72             2
             0.33            0.72             2
             0.38            0.72             2
             0.50            0.72             2
             0.25            0.72             2
             0.10            0.72             2
             0.58            0.72             2
             0.42            0.72             2
             0.17            0.72             2
             0.13            0.72             2
             0.50            0.72             2
             0.13            0.72             2
             0.13            0.72             2
             0.08            0.72             2
             0.38            0.72             2
             0.21            0.72             2
             0.50            0.72             2
             0.50            0.72             2
             0.29            0.72             2
             0.13            0.72             2
             0.25            0.72             2
             0.30            0.72             2
             0.46            0.72             2
             0.25            0.72             2
             0.50            0.72             2
             0.15            0.72             2
             0.08            0.72             2
             0.38            0.72             2
             0.63            0.72             2
             0.42            0.72             2
             0.25            0.72             2
             0.15            0.72             2
             0.15            0.72             2
             0.25            0.72             3
             0.25            0.72             3
             0.20            0.72             3
             0.04            0.72             3
             0.25            0.72             3
             0.25            0.72             3
             0.30            0.72             3
             0.15            0.72             3
             0.25            0.72             3
             0.40            0.72             3
             0.08            0.72             3
             0.05            0.72             3
             0.13            0.72             3
             0.17            0.72             3
             0.08            0.72             4
             0.08            0.72             4
             0.04            0.72             4
             0.00            0.72             4
             0.00            0.72             4
             0.00            0.72             4
             0.25            0.70             1
             0.50            0.70             1
             0.54            0.70             1
             0.45            0.70             1
             0.33            0.70             1
             0.25            0.70             1
             0.35            0.70             1
             0.50            0.70             2
             0.25            0.70             2
             0.38            0.70             2
             0.10            0.70             2
             0.17            0.70             2
             0.19            0.70             2
             0.15            0.70             2
             0.15            0.70             3
             0.25            0.70             3
             0.21            0.68             1
             0.63            0.68             1
             0.50            0.68             1
             0.50            0.68             1
             0.19            0.68             1
             0.38            0.68             1
             0.60            0.68             1
             0.55            0.68             1
             0.46            0.68             1
             0.29            0.68             1
             0.45            0.68             1
             0.29            0.68             1
             0.46            0.68             1
             0.44            0.68             1
             0.38            0.68             1
             0.50            0.68             1
             0.15            0.68             1
             0.13            0.68             1
             0.50            0.68             1
             0.65            0.68             1
             0.38            0.68             1
             0.58            0.68             1
             0.38            0.68             1
             0.50            0.68             1
             0.38            0.68             1
             0.46            0.68             1
             0.35            0.68             1
             0.29            0.68             1
             0.33            0.68             1
             0.29            0.68             1
             0.30            0.68             1
             0.29            0.68             1
             0.46            0.68             1
             0.60            0.68             1
             0.50            0.68             1
             0.29            0.68             1
             0.29            0.68             1
             0.29            0.68             1
             0.54            0.68             1
             0.25            0.68             1
             0.29            0.68             1
             0.35            0.68             1
             0.33            0.68             1
             0.50            0.68             1
             0.35            0.68             1
             0.30            0.68             1
             0.42            0.68             1
             0.25            0.68             1
             0.58            0.68             1
             0.38            0.68             1
             0.33            0.68             1
             0.42            0.68             1
             0.46            0.68             1
             0.42            0.68             1
             0.29            0.68             1
             0.15            0.68             1
             0.29            0.68             1
             0.54            0.68             1
             0.46            0.68             1
             0.63            0.68             1
             0.33            0.68             1
             0.50            0.68             1
             0.67            0.68             1
             0.50            0.68             1
             0.42            0.68             1
             0.50            0.68             1
             0.33            0.68             1
             0.40            0.68             1
             0.42            0.68             1
             0.38            0.68             1
             0.19            0.68             1
             0.21            0.68             1
             0.46            0.68             1
             0.50            0.68             1
             0.20            0.68             2
             0.38            0.68             2
             0.08            0.68             2
             0.25            0.68             2
             0.29            0.68             2
             0.25            0.68             2
             0.25            0.68             2
             0.29            0.68             2
             0.38            0.68             2
             0.38            0.68             2
             0.21            0.68             2
             0.50            0.68             2
             0.25            0.68             2
             0.25            0.68             2
             0.21            0.68             2
             0.13            0.68             2
             0.29            0.68             2
             0.30            0.68             2
             0.20            0.68             2
             0.29            0.68             2
             0.08            0.68             2
             0.50            0.68             2
             0.21            0.68             2
             0.13            0.68             2
             0.25            0.68             2
             0.30            0.68             2
             0.21            0.68             2
             0.29            0.68             2
             0.21            0.68             2
             0.45            0.68             2
             0.25            0.68             2
             0.29            0.68             2
             0.25            0.68             2
             0.25            0.68             2
             0.21            0.68             2
             0.50            0.68             2
             0.20            0.68             2
             0.25            0.68             2
             0.25            0.68             2
             0.54            0.68             2
             0.29            0.68             2
             0.21            0.68             2
             0.33            0.68             2
             0.21            0.68             2
             0.40            0.68             2
             0.42            0.68             2
             0.17            0.68             2
             0.10            0.68             2
             0.50            0.68             2
             0.44            0.68             3
             0.13            0.68             3
             0.21            0.68             3
             0.17            0.68             3
             0.29            0.68             3
             0.21            0.68             3
             0.17            0.68             3
             0.15            0.68             3
             0.15            0.68             3
             0.25            0.68             3
             0.15            0.68             3
             0.21            0.68             3
             0.10            0.68             3
             0.04            0.68             3
             0.05            0.68             3
             0.10            0.68             3
             0.17            0.68             3
             0.30            0.68             3
             0.04            0.68             3
             0.17            0.68             3
             0.21            0.68             3
             0.13            0.68             3
             0.17            0.68             3
             0.05            0.68             3
             0.05            0.68             3
             0.25            0.68             3
             0.38            0.68             3
             0.17            0.68             3
             0.21            0.68             3
             0.25            0.68             3
             0.08            0.68             3
             0.30            0.68             3
             0.20            0.68             3
             0.42            0.68             3
             0.04            0.68             3
             0.04            0.68             3
             0.50            0.68             4
             0.00            0.68             4
             0.00            0.68             4
             0.00            0.68             4
             0.45            0.68             4
             0.00            0.68             4
             0.00            0.68             4
             0.15            0.68             4
             0.50            0.68             8
             0.42            0.67             1
             0.40            0.67             2
             0.25            0.67             2
             0.35            0.67             2
             0.30            0.67             3
             0.60            0.65             1
             0.54            0.65             1
             0.33            0.65             1
             0.45            0.65             1
             0.29            0.65             1
             0.46            0.65             1
             0.21            0.65             1
             0.63            0.65             1
             0.25            0.65             1
             0.40            0.65             1
             0.42            0.65             1
             0.29            0.65             2
             0.29            0.65             2
             0.13            0.65             2
             0.08            0.65             2
             0.45            0.65             2
             0.45            0.65             2
             0.20            0.65             2
             0.44            0.65             2
             0.29            0.65             2
             0.05            0.65             3
             0.10            0.65             3
             0.17            0.65             3
             0.25            0.65             3
             0.38            0.65             3
             0.35            0.65             3
             0.10            0.65             3
             0.29            0.64             1
             0.46            0.64             1
             0.25            0.64             1
             0.70            0.64             1
             0.42            0.64             1
             0.21            0.64             1
             0.25            0.64             1
             0.20            0.64             1
             0.55            0.64             1
             0.42            0.64             1
             0.33            0.64             1
             0.50            0.64             1
             0.46            0.64             1
             0.38            0.64             1
             0.46            0.64             1
             0.54            0.64             1
             0.33            0.64             1
             0.38            0.64             1
             0.29            0.64             1
             0.55            0.64             1
             0.46            0.64             1
             0.29            0.64             1
             0.33            0.64             1
             0.33            0.64             1
             0.54            0.64             1
             0.25            0.64             1
             0.35            0.64             1
             0.29            0.64             1
             0.46            0.64             1
             0.50            0.64             1
             0.33            0.64             1
             0.50            0.64             1
             0.71            0.64             1
             0.33            0.64             1
             0.40            0.64             1
             0.50            0.64             1
             0.42            0.64             1
             0.30            0.64             1
             0.13            0.64             1
             0.46            0.64             1
             0.46            0.64             1
             0.55            0.64             1
             0.54            0.64             1
             0.38            0.64             1
             0.60            0.64             1
             0.46            0.64             1
             0.38            0.64             1
             0.30            0.64             1
             0.21            0.64             1
             0.58            0.64             1
             0.54            0.64             1
             0.38            0.64             1
             0.33            0.64             1
             0.46            0.64             1
             0.25            0.64             1
             0.46            0.64             1
             0.42            0.64             1
             0.46            0.64             1
             0.33            0.64             1
             0.38            0.64             1
             0.42            0.64             1
             0.38            0.64             1
             0.29            0.64             1
             0.38            0.64             1
             0.63            0.64             1
             0.17            0.64             1
             0.38            0.64             1
             0.60            0.64             1
             0.54            0.64             1
             0.33            0.64             1
             0.21            0.64             1
             0.42            0.64             1
             0.63            0.64             1
             0.38            0.64             1
             0.35            0.64             1
             0.46            0.64             1
             0.54            0.64             1
             0.08            0.64             2
             0.46            0.64             2
             0.46            0.64             2
             0.35            0.64             2
             0.29            0.64             2
             0.38            0.64             2
             0.50            0.64             2
             0.50            0.64             2
             0.42            0.64             2
             0.42            0.64             2
             0.25            0.64             2
             0.29            0.64             2
             0.25            0.64             2
             0.30            0.64             2
             0.25            0.64             2
             0.46            0.64             2
             0.42            0.64             2
             0.15            0.64             2
             0.25            0.64             2
             0.38            0.64             2
             0.29            0.64             2
             0.33            0.64             2
             0.29            0.64             2
             0.25            0.64             2
             0.30            0.64             2
             0.30            0.64             2
             0.33            0.64             2
             0.25            0.64             2
             0.10            0.64             2
             0.42            0.64             2
             0.25            0.64             2
             0.21            0.64             2
             0.38            0.64             2
             0.17            0.64             2
             0.08            0.64             2
             0.42            0.64             2
             0.46            0.64             2
             0.30            0.64             2
             0.54            0.64             2
             0.42            0.64             2
             0.35            0.64             2
             0.29            0.64             2
             0.13            0.64             2
             0.29            0.64             2
             0.42            0.64             2
             0.21            0.64             2
             0.17            0.64             2
             0.25            0.64             2
             0.17            0.64             2
             0.42            0.64             2
             0.15            0.64             2
             0.15            0.64             2
             0.38            0.64             2
             0.25            0.64             2
             0.10            0.64             2
             0.33            0.64             2
             0.20            0.64             2
             0.17            0.64             2
             0.25            0.64             2
             0.21            0.64             2
             0.45            0.64             2
             0.50            0.64             2
             0.30            0.64             2
             0.20            0.64             2
             0.30            0.64             2
             0.33            0.64             2
             0.25            0.64             2
             0.35            0.64             2
             0.25            0.64             2
             0.38            0.64             2
             0.25            0.64             3
             0.08            0.64             3
             0.29            0.64             3
             0.21            0.64             3
             0.17            0.64             3
             0.42            0.64             3
             0.21            0.64             3
             0.58            0.64             3
             0.21            0.64             3
             0.08            0.64             3
             0.04            0.64             3
             0.21            0.64             3
             0.25            0.64             3
             0.17            0.64             3
             0.25            0.64             3
             0.10            0.64             3
             0.13            0.64             3
             0.21            0.64             3
             0.15            0.64             3
             0.25            0.64             3
             0.25            0.64             3
             0.21            0.64             3
             0.04            0.64             3
             0.25            0.64             3
             0.17            0.64             3
             0.13            0.64             3
             0.08            0.64             3
             0.17            0.64             3
             0.17            0.64             3
             0.04            0.64             3
             0.25            0.64             3
             0.33            0.64             3
             0.00            0.64             4
             0.08            0.64             4
             0.20            0.64             4
             0.04            0.64             4
             0.00            0.64             4
             0.45            0.60             1
             0.38            0.60             1
             0.46            0.60             1
             0.45            0.60             1
             0.38            0.60             1
             0.21            0.60             1
             0.63            0.60             1
             0.33            0.60             1
             0.38            0.60             1
             0.33            0.60             1
             0.46            0.60             1
             0.38            0.60             1
             0.45            0.60             1
             0.54            0.60             1
             0.46            0.60             1
             0.45            0.60             1
             0.50            0.60             1
             0.46            0.60             1
             0.42            0.60             1
             0.50            0.60             1
             0.42            0.60             1
             0.29            0.60             1
             0.35            0.60             1
             0.75            0.60             1
             0.46            0.60             1
             0.42            0.60             1
             0.20            0.60             1
             0.46            0.60             1
             0.55            0.60             1
             0.50            0.60             1
             0.45            0.60             1
             0.46            0.60             1
             0.38            0.60             1
             0.33            0.60             1
             0.33            0.60             1
             0.33            0.60             1
             0.42            0.60             1
             0.25            0.60             1
             0.29            0.60             1
             0.38            0.60             1
             0.42            0.60             1
             0.38            0.60             1
             0.33            0.60             1
             0.33            0.60             1
             0.38            0.60             1
             0.55            0.60             1
             0.42            0.60             1
             0.25            0.60             1
             0.44            0.60             1
             0.30            0.60             1
             0.35            0.60             1
             0.58            0.60             1
             0.38            0.60             1
             0.29            0.60             1
             0.29            0.60             1
             0.30            0.60             1
             0.30            0.60             1
             0.75            0.60             1
             0.50            0.60             1
             0.33            0.60             1
             0.38            0.60             1
             0.54            0.60             1
             0.54            0.60             1
             0.25            0.60             1
             0.60            0.60             1
             0.54            0.60             1
             0.46            0.60             1
             0.58            0.60             1
             0.13            0.60             1
             0.29            0.60             1
             0.40            0.60             1
             0.50            0.60             1
             0.46            0.60             1
             0.42            0.60             1
             0.50            0.60             1
             0.42            0.60             1
             0.54            0.60             1
             0.25            0.60             1
             0.17            0.60             1
             0.54            0.60             1
             0.15            0.60             1
             0.25            0.60             1
             0.42            0.60             1
             0.42            0.60             1
             0.30            0.60             1
             0.29            0.60             1
             0.42            0.60             1
             0.63            0.60             1
             0.46            0.60             1
             0.42            0.60             1
             0.21            0.60             1
             0.38            0.60             1
             0.33            0.60             1
             0.33            0.60             1
             0.33            0.60             1
             0.38            0.60             1
             0.21            0.60             1
             0.54            0.60             1
             0.20            0.60             1
             0.45            0.60             1
             0.29            0.60             1
             0.42            0.60             1
             0.40            0.60             1
             0.30            0.60             1
             0.60            0.60             1
             0.25            0.60             1
             0.42            0.60             1
             0.29            0.60             1
             0.58            0.60             1
             0.33            0.60             2
             0.29            0.60             2
             0.25            0.60             2
             0.50            0.60             2
             0.42            0.60             2
             0.38            0.60             2
             0.38            0.60             2
             0.33            0.60             2
             0.45            0.60             2
             0.42            0.60             2
             0.25            0.60             2
             0.29            0.60             2
             0.25            0.60             2
             0.29            0.60             2
             0.25            0.60             2
             0.33            0.60             2
             0.17            0.60             2
             0.38            0.60             2
             0.50            0.60             2
             0.38            0.60             2
             0.15            0.60             2
             0.40            0.60             2
             0.30            0.60             2
             0.42            0.60             2
             0.25            0.60             2
             0.33            0.60             2
             0.42            0.60             2
             0.21            0.60             2
             0.42            0.60             2
             0.50            0.60             2
             0.50            0.60             2
             0.50            0.60             2
             0.46            0.60             2
             0.25            0.60             2
             0.17            0.60             2
             0.35            0.60             2
             0.42            0.60             2
             0.46            0.60             2
             0.25            0.60             2
             0.50            0.60             2
             0.21            0.60             2
             0.21            0.60             2
             0.45            0.60             2
             0.13            0.60             2
             0.42            0.60             2
             0.25            0.60             2
             0.17            0.60             2
             0.21            0.60             2
             0.25            0.60             2
             0.42            0.60             2
             0.20            0.60             2
             0.30            0.60             2
             0.50            0.60             2
             0.35            0.60             2
             0.33            0.60             2
             0.25            0.60             2
             0.33            0.60             2
             0.46            0.60             2
             0.46            0.60             2
             0.35            0.60             2
             0.08            0.60             2
             0.25            0.60             2
             0.30            0.60             2
             0.15            0.60             2
             0.45            0.60             2
             0.40            0.60             2
             0.30            0.60             2
             0.21            0.60             2
             0.30            0.60             2
             0.33            0.60             2
             0.46            0.60             2
             0.33            0.60             2
             0.25            0.60             2
             0.38            0.60             2
             0.50            0.60             2
             0.13            0.60             2
             0.21            0.60             2
             0.25            0.60             2
             0.15            0.60             2
             0.38            0.60             2
             0.45            0.60             2
             0.21            0.60             2
             0.25            0.60             2
             0.30            0.60             2
             0.45            0.60             2
             0.25            0.60             2
             0.20            0.60             3
             0.29            0.60             3
             0.25            0.60             3
             0.25            0.60             3
             0.21            0.60             3
             0.17            0.60             3
             0.15            0.60             3
             0.17            0.60             3
             0.33            0.60             3
             0.17            0.60             3
             0.40            0.60             3
             0.38            0.60             3
             0.17            0.60             3
             0.21            0.60             3
             0.17            0.60             3
             0.13            0.60             3
             0.08            0.60             3
             0.21            0.60             3
             0.30            0.60             3
             0.29            0.60             3
             0.33            0.60             3
             0.05            0.60             3
             0.25            0.60             3
             0.25            0.60             3
             0.13            0.60             3
             0.25            0.60             3
             0.25            0.60             3
             0.04            0.60             3
             0.08            0.60             3
             0.38            0.60             3
             0.42            0.60             3
             0.50            0.60             3
             0.38            0.60             3
             0.08            0.60             3
             0.33            0.60             3
             0.46            0.60             3
             0.21            0.60             3
             0.08            0.60             3
             0.13            0.60             3
             0.05            0.60             3
             0.13            0.60             3
             0.15            0.60             3
             0.04            0.60             3
             0.21            0.60             3
             0.08            0.60             3
             0.10            0.60             3
             0.25            0.60             3
             0.25            0.60             3
             0.21            0.60             3
             0.21            0.60             3
             0.17            0.60             3
             0.04            0.60             3
             0.13            0.60             3
             0.33            0.60             3
             0.08            0.60             3
             0.21            0.60             3
             0.10            0.60             4
             0.00            0.60             4
             0.00            0.60             4
             0.13            0.60             4
             0.04            0.60             4
             0.25            0.60             4
             0.05            0.60             4
             0.15            0.60             4
             0.00            0.60             4
             0.05            0.60             4
             0.15            0.60             4
             0.00            0.60             4
             0.13            0.60             4
             0.20            0.60             4
             0.00            0.60             4
             0.21            0.60             4
             0.21            0.60             4
             0.10            0.60             8
             0.19            0.60             8
             0.25            0.60             8
             0.50            0.56             1
             0.58            0.56             1
             0.54            0.56             1
             0.31            0.56             1
             0.35            0.56             1
             0.55            0.56             1
             0.46            0.56             1
             0.33            0.56             1
             0.30            0.56             1
             0.63            0.56             1
             0.55            0.56             1
             0.35            0.56             1
             0.50            0.56             1
             0.21            0.56             1
             0.55            0.56             1
             0.33            0.56             1
             0.33            0.56             1
             0.46            0.56             1
             0.38            0.56             1
             0.40            0.56             1
             0.50            0.56             1
             0.30            0.56             1
             0.33            0.56             1
             0.29            0.56             1
             0.17            0.56             1
             0.45            0.56             1
             0.33            0.56             1
             0.29            0.56             1
             0.17            0.56             1
             0.25            0.56             1
             0.38            0.56             1
             0.29            0.56             1
             0.33            0.56             1
             0.15            0.56             1
             0.38            0.56             1
             0.21            0.56             1
             0.38            0.56             1
             0.30            0.56             1
             0.38            0.56             1
             0.50            0.56             1
             0.38            0.56             1
             0.29            0.56             1
             0.25            0.56             1
             0.55            0.56             1
             0.45            0.56             1
             0.46            0.56             1
             0.40            0.56             1
             0.25            0.56             1
             0.46            0.56             1
             0.58            0.56             1
             0.58            0.56             1
             0.58            0.56             1
             0.25            0.56             1
             0.54            0.56             1
             0.50            0.56             1
             0.29            0.56             1
             0.21            0.56             1
             0.13            0.56             1
             0.69            0.56             1
             0.50            0.56             1
             0.19            0.56             1
             0.46            0.56             1
             0.46            0.56             1
             0.25            0.56             1
             0.29            0.56             1
             0.21            0.56             1
             0.29            0.56             1
             0.33            0.56             1
             0.50            0.56             1
             0.65            0.56             1
             0.25            0.56             2
             0.29            0.56             2
             0.46            0.56             2
             0.38            0.56             2
             0.33            0.56             2
             0.46            0.56             2
             0.46            0.56             2
             0.50            0.56             2
             0.21            0.56             2
             0.45            0.56             2
             0.30            0.56             2
             0.25            0.56             2
             0.29            0.56             2
             0.50            0.56             2
             0.58            0.56             2
             0.38            0.56             2
             0.21            0.56             2
             0.38            0.56             2
             0.17            0.56             2
             0.33            0.56             2
             0.30            0.56             2
             0.17            0.56             2
             0.46            0.56             2
             0.50            0.56             2
             0.42            0.56             2
             0.21            0.56             2
             0.46            0.56             2
             0.33            0.56             2
             0.35            0.56             2
             0.40            0.56             2
             0.20            0.56             2
             0.21            0.56             2
             0.25            0.56             2
             0.21            0.56             2
             0.17            0.56             2
             0.50            0.56             2
             0.58            0.56             2
             0.42            0.56             2
             0.29            0.56             2
             0.17            0.56             2
             0.29            0.56             2
             0.38            0.56             2
             0.25            0.56             2
             0.30            0.56             2
             0.40            0.56             2
             0.50            0.56             2
             0.21            0.56             2
             0.20            0.56             2
             0.35            0.56             2
             0.10            0.56             2
             0.45            0.56             2
             0.50            0.56             2
             0.08            0.56             2
             0.08            0.56             2
             0.30            0.56             2
             0.08            0.56             2
             0.38            0.56             2
             0.35            0.56             2
             0.38            0.56             2
             0.38            0.56             2
             0.21            0.56             2
             0.29            0.56             2
             0.46            0.56             2
             0.33            0.56             2
             0.33            0.56             2
             0.21            0.56             2
             0.35            0.56             2
             0.08            0.56             2
             0.25            0.56             3
             0.21            0.56             3
             0.17            0.56             3
             0.33            0.56             3
             0.29            0.56             3
             0.33            0.56             3
             0.25            0.56             3
             0.42            0.56             3
             0.21            0.56             3
             0.17            0.56             3
             0.25            0.56             3
             0.08            0.56             3
             0.08            0.56             3
             0.54            0.56             3
             0.21            0.56             3
             0.17            0.56             3
             0.20            0.56             3
             0.20            0.56             3
             0.10            0.56             3
             0.17            0.56             3
             0.25            0.56             3
             0.21            0.56             3
             0.42            0.56             3
             0.20            0.56             3
             0.21            0.56             3
             0.21            0.56             3
             0.25            0.56             3
             0.13            0.56             3
             0.25            0.56             3
             0.13            0.56             3
             0.29            0.56             3
             0.33            0.56             3
             0.13            0.56             3
             0.21            0.56             3
             0.20            0.56             3
             0.04            0.56             3
             0.20            0.56             3
             0.04            0.56             3
             0.42            0.56             3
             0.21            0.56             3
             0.21            0.56             3
             0.17            0.56             3
             0.25            0.56             3
             0.04            0.56             3
             0.42            0.56             3
             0.15            0.56             3
             0.21            0.56             3
             0.25            0.56             3
             0.00            0.56             4
             0.17            0.56             4
             0.15            0.56             4
             0.10            0.56             4
             0.21            0.56             4
             0.17            0.56             4
             0.46            0.56             4
             0.30            0.56             4
             0.00            0.56             4
             0.00            0.56             8
             0.46            0.55             1
             0.50            0.55             1
             0.46            0.55             1
             0.33            0.55             1
             0.40            0.55             1
             0.46            0.55             1
             0.25            0.55             2
             0.25            0.55             2
             0.21            0.55             2
             0.21            0.55             2
             0.21            0.55             2
             0.44            0.55             2
             0.40            0.55             2
             0.15            0.55             2
             0.25            0.55             2
             0.25            0.55             3
             0.21            0.55             3
             0.25            0.55             3
             0.13            0.55             3
             0.17            0.55             3
             0.21            0.55             3
             0.35            0.53             1
             0.55            0.53             1
             0.55            0.53             1
             0.30            0.53             2
             0.46            0.53             2
             0.15            0.53             2
             0.25            0.53             2
             0.45            0.53             2
             0.04            0.53             3
             0.08            0.53             3
             0.04            0.53             4
             0.35            0.52             1
             0.50            0.52             1
             0.42            0.52             1
             0.70            0.52             1
             0.42            0.52             1
             0.25            0.52             1
             0.35            0.52             1
             0.17            0.52             1
             0.67            0.52             1
             0.13            0.52             1
             0.33            0.52             1
             0.35            0.52             1
             0.38            0.52             1
             0.38            0.52             1
             0.35            0.52             1
             0.63            0.52             1
             0.35            0.52             1
             0.25            0.52             1
             0.35            0.52             1
             0.42            0.52             1
             0.46            0.52             1
             0.50            0.52             1
             0.45            0.52             1
             0.17            0.52             1
             0.45            0.52             1
             0.63            0.52             1
             0.67            0.52             1
             0.33            0.52             1
             0.38            0.52             1
             0.38            0.52             1
             0.44            0.52             1
             0.30            0.52             1
             0.38            0.52             1
             0.35            0.52             1
             0.13            0.52             1
             0.33            0.52             1
             0.25            0.52             1
             0.33            0.52             1
             0.33            0.52             2
             0.15            0.52             2
             0.54            0.52             2
             0.40            0.52             2
             0.60            0.52             2
             0.67            0.52             2
             0.33            0.52             2
             0.33            0.52             2
             0.25            0.52             2
             0.25            0.52             2
             0.55            0.52             2
             0.50            0.52             2
             0.30            0.52             2
             0.10            0.52             2
             0.08            0.52             2
             0.17            0.52             2
             0.13            0.52             2
             0.25            0.52             2
             0.25            0.52             2
             0.38            0.52             2
             0.50            0.52             2
             0.30            0.52             2
             0.54            0.52             2
             0.25            0.52             2
             0.20            0.52             2
             0.25            0.52             2
             0.29            0.52             2
             0.29            0.52             2
             0.20            0.52             2
             0.20            0.52             2
             0.30            0.52             2
             0.50            0.52             2
             0.29            0.52             2
             0.29            0.52             2
             0.33            0.52             2
             0.10            0.52             2
             0.38            0.52             2
             0.63            0.52             2
             0.25            0.52             2
             0.25            0.52             2
             0.38            0.52             2
             0.30            0.52             2
             0.21            0.52             2
             0.21            0.52             2
             0.33            0.52             2
             0.30            0.52             2
             0.17            0.52             2
             0.13            0.52             2
             0.46            0.52             2
             0.40            0.52             2
             0.29            0.52             2
             0.30            0.52             2
             0.44            0.52             2
             0.38            0.52             2
             0.08            0.52             3
             0.10            0.52             3
             0.21            0.52             3
             0.21            0.52             3
             0.33            0.52             3
             0.10            0.52             3
             0.38            0.52             3
             0.13            0.52             3
             0.15            0.52             3
             0.17            0.52             3
             0.17            0.52             3
             0.25            0.52             3
             0.29            0.52             3
             0.13            0.52             3
             0.46            0.52             3
             0.33            0.52             3
             0.42            0.52             3
             0.17            0.52             3
             0.33            0.52             3
             0.13            0.52             3
             0.45            0.52             3
             0.13            0.52             3
             0.20            0.52             3
             0.20            0.52             3
             0.04            0.52             3
             0.38            0.52             3
             0.33            0.52             3
             0.04            0.52             3
             0.29            0.52             3
             0.42            0.52             3
             0.13            0.52             3
             0.33            0.52             3
             0.04            0.52             3
             0.05            0.52             3
             0.20            0.52             3
             0.20            0.52             3
             0.17            0.52             3
             0.30            0.52             3
             0.04            0.52             3
             0.21            0.52             4
             0.00            0.52             4
             0.00            0.52             4
             0.20            0.52             4
             0.21            0.52             4
             0.00            0.52             4
             0.38            0.52             4
             0.05            0.52             4
             0.00            0.52             4
             0.00            0.52             4
             0.00            0.52             4
             0.15            0.50             1
             0.65            0.50             1
             0.33            0.50             1
             0.45            0.50             1
             0.42            0.50             1
             0.50            0.50             1
             0.25            0.50             1
             0.29            0.50             1
             0.33            0.50             2
             0.08            0.50             2
             0.33            0.50             2
             0.33            0.50             2
             0.40            0.50             3
             0.13            0.50             3
             0.25            0.50             3
             0.10            0.50             3
             0.08            0.50             4
             0.19            0.50             8
             0.25            0.48             0
             0.58            0.48             1
             0.45            0.48             1
             0.21            0.48             1
             0.55            0.48             1
             0.40            0.48             1
             0.54            0.48             1
             0.54            0.48             1
             0.38            0.48             1
             0.30            0.48             1
             0.33            0.48             1
             0.29            0.48             1
             0.21            0.48             1
             0.21            0.48             1
             0.33            0.48             1
             0.38            0.48             1
             0.30            0.48             1
             0.15            0.48             1
             0.58            0.48             1
             0.29            0.48             1
             0.54            0.48             1
             0.55            0.48             1
             0.45            0.48             1
             0.55            0.48             1
             0.35            0.48             1
             0.29            0.48             1
             0.67            0.48             1
             0.58            0.48             1
             0.25            0.48             1
             0.55            0.48             1
             0.70            0.48             1
             0.46            0.48             1
             0.33            0.48             1
             0.67            0.48             1
             0.42            0.48             1
             0.15            0.48             1
             0.71            0.48             1
             0.33            0.48             1
             0.50            0.48             1
             0.50            0.48             1
             0.25            0.48             1
             0.50            0.48             1
             0.42            0.48             1
             0.42            0.48             1
             0.29            0.48             1
             0.63            0.48             1
             0.45            0.48             1
             0.54            0.48             1
             0.50            0.48             1
             0.75            0.48             1
             0.25            0.48             2
             0.63            0.48             2
             0.46            0.48             2
             0.46            0.48             2
             0.35            0.48             2
             0.58            0.48             2
             0.38            0.48             2
             0.33            0.48             2
             0.50            0.48             2
             0.40            0.48             2
             0.29            0.48             2
             0.40            0.48             2
             0.25            0.48             2
             0.46            0.48             2
             0.33            0.48             2
             0.63            0.48             2
             0.63            0.48             2
             0.42            0.48             2
             0.33            0.48             2
             0.50            0.48             2
             0.50            0.48             2
             0.33            0.48             2
             0.30            0.48             2
             0.21            0.48             2
             0.30            0.48             2
             0.46            0.48             2
             0.08            0.48             2
             0.35            0.48             2
             0.33            0.48             2
             0.29            0.48             2
             0.17            0.48             2
             0.40            0.48             2
             0.21            0.48             2
             0.35            0.48             2
             0.25            0.48             2
             0.17            0.48             3
             0.38            0.48             3
             0.38            0.48             3
             0.05            0.48             3
             0.13            0.48             3
             0.04            0.48             3
             0.13            0.48             3
             0.17            0.48             3
             0.05            0.48             3
             0.33            0.48             3
             0.17            0.48             3
             0.35            0.48             3
             0.35            0.48             3
             0.33            0.48             3
             0.40            0.48             3
             0.08            0.48             3
             0.15            0.48             3
             0.21            0.48             3
             0.25            0.48             3
             0.20            0.48             3
             0.30            0.48             3
             0.13            0.48             3
             0.21            0.48             3
             0.08            0.48             3
             0.17            0.48             3
             0.46            0.48             3
             0.33            0.48             3
             0.33            0.48             3
             0.30            0.48             3
             0.00            0.48             4
             0.35            0.48             4
             0.38            0.48             4
             0.05            0.48             4
             0.08            0.48             4
             0.00            0.48             4
             0.40            0.47             1
             0.30            0.47             2
             0.17            0.47             3
             0.30            0.47             3
             0.21            0.47             3
             0.50            0.47             8
             0.40            0.45             2
             0.25            0.45             2
             0.10            0.45             2
             0.35            0.45             3
             0.20            0.45             3
             0.17            0.45             3
             0.08            0.45             3
             0.25            0.45             3
             0.17            0.45             3
             0.46            0.44             1
             0.54            0.44             1
             0.50            0.44             1
             0.45            0.44             1
             0.42            0.44             1
             0.46            0.44             1
             0.17            0.44             1
             0.58            0.44             1
             0.63            0.44             1
             0.58            0.44             1
             0.50            0.44             1
             0.21            0.44             1
             0.29            0.44             1
             0.40            0.44             1
             0.45            0.44             1
             0.19            0.44             1
             0.35            0.44             1
             0.35            0.44             1
             0.35            0.44             1
             0.42            0.44             1
             0.58            0.44             1
             0.50            0.44             1
             0.38            0.44             1
             0.21            0.44             1
             0.58            0.44             1
             0.63            0.44             1
             0.71            0.44             1
             0.46            0.44             1
             0.54            0.44             1
             0.20            0.44             1
             0.38            0.44             2
             0.50            0.44             2
             0.21            0.44             2
             0.50            0.44             2
             0.50            0.44             2
             0.13            0.44             2
             0.25            0.44             2
             0.17            0.44             2
             0.25            0.44             2
             0.50            0.44             2
             0.25            0.44             2
             0.46            0.44             2
             0.38            0.44             2
             0.20            0.44             2
             0.29            0.44             2
             0.25            0.44             2
             0.42            0.44             2
             0.35            0.44             2
             0.25            0.44             2
             0.33            0.44             2
             0.21            0.44             2
             0.29            0.44             2
             0.33            0.44             2
             0.50            0.44             2
             0.13            0.44             2
             0.46            0.44             2
             0.21            0.44             2
             0.40            0.44             2
             0.33            0.44             3
             0.35            0.44             3
             0.40            0.44             3
             0.08            0.44             3
             0.13            0.44             3
             0.08            0.44             3
             0.25            0.44             3
             0.17            0.44             3
             0.25            0.44             3
             0.04            0.44             3
             0.15            0.44             3
             0.05            0.44             3
             0.42            0.44             3
             0.21            0.44             3
             0.21            0.44             3
             0.13            0.44             3
             0.08            0.44             3
             0.35            0.44             3
             0.13            0.44             3
             0.38            0.44             3
             0.29            0.44             3
             0.21            0.44             3
             0.04            0.44             3
             0.00            0.44             4
             0.29            0.44             4
             0.13            0.44             4
             0.00            0.44             4
             0.04            0.44             4
             0.25            0.44             4
             0.04            0.44             4
             0.00            0.44             4
             0.30            0.40             1
             0.45            0.40             1
             0.35            0.40             1
             0.38            0.40             1
             0.35            0.40             1
             0.54            0.40             1
             0.54            0.40             1
             0.40            0.40             1
             0.55            0.40             1
             0.50            0.40             1
             0.56            0.40             1
             0.50            0.40             1
             0.67            0.40             1
             0.25            0.40             1
             0.50            0.40             1
             0.50            0.40             1
             0.58            0.40             1
             0.67            0.40             1
             0.42            0.40             1
             0.13            0.40             1
             0.30            0.40             1
             0.40            0.40             2
             0.13            0.40             2
             0.38            0.40             2
             0.40            0.40             2
             0.65            0.40             2
             0.17            0.40             2
             0.25            0.40             2
             0.29            0.40             2
             0.33            0.40             2
             0.38            0.40             2
             0.38            0.40             2
             0.38            0.40             2
             0.42            0.40             2
             0.10            0.40             2
             0.50            0.40             2
             0.35            0.40             2
             0.10            0.40             2
             0.35            0.40             2
             0.50            0.40             2
             0.29            0.40             2
             0.38            0.40             2
             0.42            0.40             2
             0.38            0.40             2
             0.10            0.40             2
             0.33            0.40             3
             0.20            0.40             3
             0.54            0.40             3
             0.38            0.40             3
             0.29            0.40             3
             0.17            0.40             3
             0.50            0.40             3
             0.29            0.40             3
             0.31            0.40             3
             0.56            0.40             3
             0.25            0.40             3
             0.42            0.40             3
             0.17            0.40             3
             0.58            0.40             3
             0.46            0.40             3
             0.00            0.40             4
             0.13            0.40             4
             0.10            0.40             4
             0.04            0.40             4
             0.04            0.40             4
             0.13            0.40             8
             0.46            0.36             1
             0.75            0.36             1
             0.25            0.36             1
             0.54            0.36             1
             0.63            0.36             1
             0.30            0.36             1
             0.54            0.36             1
             0.38            0.36             1
             0.33            0.36             1
             0.50            0.36             1
             0.71            0.36             1
             0.67            0.36             1
             0.65            0.36             1
             0.50            0.36             1
             0.35            0.36             2
             0.42            0.36             2
             0.10            0.36             2
             0.08            0.36             2
             0.17            0.36             2
             0.25            0.36             2
             0.25            0.36             2
             0.46            0.36             2
             0.25            0.36             2
             0.30            0.36             3
             0.13            0.36             3
             0.13            0.36             3
             0.17            0.36             3
             0.13            0.36             3
             0.21            0.36             3
             0.46            0.36             3
             0.21            0.36             3
             0.33            0.36             3
             0.30            0.36             3
             0.25            0.36             3
             0.46            0.36             3
             0.13            0.36             3
             0.04            0.36             3
             0.29            0.36             3
             0.30            0.36             3
             0.08            0.36             4
             0.04            0.36             4
             0.08            0.35             2
             0.04            0.33             4
             0.63            0.32             1
             0.65            0.32             1
             0.58            0.32             1
             0.17            0.32             1
             0.67            0.32             1
             0.46            0.32             1
             0.50            0.32             1
             0.30            0.32             2
             0.29            0.32             2
             0.50            0.32             2
             0.46            0.32             2
             0.25            0.32             2
             0.08            0.32             2
             0.13            0.32             2
             0.04            0.32             3
             0.10            0.32             3
             0.38            0.32             3
             0.58            0.30             1
             0.38            0.30             1
             0.63            0.30             2
             0.10            0.30             3
             0.05            0.30             3
             0.00            0.30             4
             0.55            0.28             1
             0.63            0.28             1
             0.75            0.28             1
             0.25            0.28             1
             0.67            0.28             1
             0.55            0.28             1
             0.40            0.28             2
             0.58            0.28             2
             0.50            0.28             2
             0.45            0.28             2
             0.08            0.28             3
             0.08            0.28             3
             0.21            0.28             3
             0.33            0.28             3
             0.67            0.25             1
             0.67            0.25             1
             0.42            0.25             2
             0.00            0.25             4
             0.55            0.24             1
             0.69            0.24             1
             0.45            0.24             1
             0.55            0.24             1
             0.45            0.24             2
             0.19            0.20             1
             0.75            0.20             1
             0.25            0.20             1
             0.56            0.20             1
             0.15            0.20             3
             0.05            0.20             3
             0.00            0.20             4
             0.04            0.20             4
             0.00            0.20             4
             0.00            0.20             4
             0.00            0.20             4
             0.60            0.12             1
             0.45            0.12             1
             0.45            0.12             1
             0.35            0.12             2
             0.50            0.12             2
             0.04            0.12             3
             0.25            0.12             3
             0.25            0.12             3
             0.00            0.12             4
             0.00            0.12             4
             0.00            0.12             4
